888888
889888
890888
891888
892888
893888
894888
895888
896888
897888
898888
899888
900888
901888
902888
903888
904888
905888
906888
907888
908888
909888
910888
911888
912888
913888
914888
915888
916888
917888
918888
919888
920888
921888
922888
923888
924888
925888
926888
927888
928888
929888
930888
931888
932888
933888
934888
935888
936888
937888
938888
939888
940888
941888
942888
943888
944888
945888
946888
947888
948888
949888
950888
951888
952888
953888
954888
955888
956888
957888
958888
959888
960888
961888
962888
963888
964888
965888
966888
967888
968888
969888
970888
971888
972888
973888
974888
975888
976888
977888
978888
979888
980888
981888
982888
983888
984888
985888
986888
987888
988888
989888
990888
991888
992888
993888
994888
995888
996888
997888
998888
999888